Sí hay algún problema con el test escribir a ajuncosa ó abello-r
Has superado el límite máximo de movimientos [ 700 ] y has hecho -->     801
Te has excedido por 101 movimientos
Los siguientes números son con los que ha fallado tu programa : 

17565 10971 4515 17930 5493 15346 18788 8224 24797 25416
3534 3471 17899 15663 608 8555 17867 1050 2009 9875
11646 4465 8549 922 4141 12731 19254 3539 6279 1541
7530 478 3175 32503 177 663 1480 2476 3269 1042
616 9047 138 177 17400 4020 10617 2424 8378 7223
14660 8440 3845 2157 2120 32721 13373 5439 30642 3395
20198 13024 19361 17592 10954 27473 19964 10746 6943 11061
5843 21525 14010 7995 25732 4967 21068 16161 3491 13368
25182 19969 4616 18826 270 4961 26774 22369 4999 989
133 7488 19265 31041 20502 11578 32510 2754 456 26140

Para copiar y pegar en una línea:
17565 10971 4515 17930 5493 15346 18788 8224 24797 25416 3534 3471 17899 15663 608 8555 17867 1050 2009 9875 11646 4465 8549 922 4141 12731 19254 3539 6279 1541 7530 478 3175 32503 177 663 1480 2476 3269 1042 616 9047 138 177 17400 4020 10617 2424 8378 7223 14660 8440 3845 2157 2120 32721 13373 5439 30642 3395 20198 13024 19361 17592 10954 27473 19964 10746 6943 11061 5843 21525 14010 7995 25732 4967 21068 16161 3491 13368 25182 19969 4616 18826 270 4961 26774 22369 4999 989 133 7488 19265 31041 20502 11578 32510 2754 456 26140
